1. 3'5/76
2. 13
3. 31'3/5
4. 1562
5. 974'2/5
6. 66'3/7
7. 15
8. 7'7/13
9. 23/255
10. 4
11. 4'57/100
12. 16
13. 8
14. 12
15. 32'41/50
16. 0
17. 48'2/5
18. 18
19. 4'63/85
20. 19'19/100
21. 6'823/900
22. 25'1/25
23. 9
24. 36'12/25
25. 19'91/190
26. 4'14/15
27. 7
28. 2'89/100
29. 29
30. 9'277/1100
31. 1848
32. 13
33. 39
34. 5'35/839
35. 120'3/25
36. 12
37. 22'13/25
38. 87
39. 0
40. 130
41. 121'4/25
42. 103'13/25
43. 20
44. 100'3/5
45. 8'3/10
46. 224'23/50
47. 12
48. 3/19
49. 0
50. 9'1/5
51. 74'19/100
52. 8'47/90
53. 3/14
54. 150
55. 7'17/19
56. 48
57. 1/18
58. 300/4417
59. 7
60. 14
61. 31'2/25
62. 120
63. 18
64. 17'10/17
65. 296'31/50
66. 30'19/20
67. 20'4/5
68. 145'3/10
69. 308
70. 23'3/10
71. 163/400
72. 20
73. 8
74. 0
75. 0
76. 17
77. 1440'311/2500
78. 60
79. 2702'1/10
80. 21
81. 20
82. 27
83. 103
84. 59/250
85. 5339/21505
86. 23
87. 16'84/275
88. 6'161/300
89. 15
90. 2776'4/125
91. 1
92. 35'31/100
93. 16
94. 72'1/20
95. 128'1/2
96. 131'19/25
97. 98'79/100
98. 13'9/20
99. 13/19
100. 200/2163
