1. 33
2. 44
3. 144'21/50
4. 47'41/50
5. 9'3/5
6. 42
7. 24
8. 8
9. 2
10. 39
11. 8'3/25
12. 12
13. 343'7/100
14. 3'3/7
15. 10'3/50
16. 91
17. 17
18. 69/100
19. 4
20. 25
21. 7
22. 5'19/25
23. 25'63/100
24. 17
25. 20
26. 1/160
27. 5
28. 252
29. 12
30. 11/112
31. 33'73/100
32. 26'47/50
33. 43'23/100
34. 3
35. 27'149/220
36. 12/13
37. 60
38. 19
39. 29'7/25
40. 23'41/100
41. 84'96/625
42. 10
43. 210
44. 459'9/25
45. 76'87/100
46. 47
47. 40
48. 7/10
49. 112
50. 64
51. 28'87/100
52. 31'41/100
53. 274
54. 21
55. 96'9/25
56. 1/27
57. 23
58. 22'19/50
59. 18'253/380
60. 65
61. 9
62. 45'2/5
63. 30'23/100
64. 11'2/5
65. 17
66. 14'1/10
67. 4
68. 5
69. 16'12/25
70. 952
71. 12'8/25
72. 25
73. 249'23/100
74. 47
75. 4
76. 124'9/10
77. 648'49/50
78. 19'2/25
79. 4/5
80. 43'13/20
81. 2/9
82. 143'6/25
83. 29'3/4
84. 7'11/50
85. 16'7/16
86. 0
87. 0
88. 14'17/19
89. 68
90. 1000/1219
91. 505
92. 16
93. 10
94. 3/350
95. 9
96. 0
97. 1'2939/4000
98. 81'3/25
99. 144
100. 1
